18
A/Massachusetts/18/2022/H3N2                               0.0000000 1.9912249 1.3701635 1.7391404 1.9333700 0.5796992 1.8363882 1.9385857 1.9677972 1.3299066 1.9100219 2.0387893 2.2242001 0.5864081 1.3414859 2.2260542 2.3292917 2.4156431 
A/American_Wigeon/South_Carolina/USDA-000345-001/2021/H5N1 1.9912249 0.0000000 1.6518429 0.6400777 0.4114864 1.8440523 0.7858257 1.2388160 1.2343173 1.6526546 0.9222312 1.3222234 1.1280986 1.8239632 1.7395690 1.1502618 1.1180460 1.0943127 
A/Anhui/1/2013/H7N9                                        1.3701635 1.6518429 0.0000000 1.6779624 1.7228020 1.3537868 1.6070159 1.8195305 1.8271488 0.6286891 1.7085854 1.7163894 1.8148871 1.2789168 0.2503208 1.9814104 2.1186576 1.9426857 
A/United/Kingdom/1/1933/H1N1                               1.7391404 0.6400777 1.6779624 0.0000000 0.5605297 1.8357199 0.7539350 1.2109221 1.1180234 1.6249930 0.9661250 1.3393956 1.1902995 1.7368198 1.7520127 1.1645645 1.2222677 1.2157086 
A/Singapore/1/1957/H2N2                                    1.9333700 0.4114864 1.7228020 0.5605297 0.0000000 1.8913672 0.7646066 1.2309732 1.1839542 1.6866289 0.9647797 1.3314779 1.2612145 1.9249823 1.8469996 1.2531969 1.1153905 1.1383056 
A/swine/Ontario/01911-1/1099/H4N6                          0.5796992 1.8440523 1.3537868 1.8357199 1.8913672 0.0000000 1.8097744 1.8284466 1.7578991 1.3017355 1.7126064 1.8454670 1.9418835 0.2980501 1.3273778 1.9796885 2.2637387 2.3244279 
A/chicken/Taiwan/0705/1999/H6N1                            1.8363882 0.7858257 1.6070159 0.7539350 0.7646066 1.8097744 0.0000000 1.1046846 1.0966783 1.6995080 0.9719569 1.1840651 1.2136063 1.7884289 1.7832783 1.3027413 1.3056162 1.2137250 
A/turkey/Ontario/6118/1968/H8N4                            1.9385857 1.2388160 1.8195305 1.2109221 1.2309732 1.8284466 1.1046846 0.0000000 0.6988431 1.7724266 1.1340882 0.5456419 1.2398394 1.9279034 1.8956474 1.2145599 1.3515455 1.3755488 
A/swine/HongKong/9/1998/H9N2                               1.9677972 1.2343173 1.8271488 1.1180234 1.1839542 1.7578991 1.0966783 0.6988431 0.0000000 1.8108017 1.0140158 0.6245480 1.1293498 1.9535560 1.9841995 1.1196901 1.4985523 1.4213532 
A/mallard/bavaria/3/2006/H10N7                             1.3299066 1.6526546 0.6286891 1.6249930 1.6866289 1.3017355 1.6995080 1.7724266 1.8108017 0.0000000 1.5317306 1.7531391 1.8672037 1.1667805 0.6038016 1.9738331 2.2650955 2.1889379 
A/duck/England/1/1956/H11N6                                1.9100219 0.9222312 1.7085854 0.9661250 0.9647797 1.7126064 0.9719569 1.1340882 1.0140158 1.5317306 0.0000000 1.1232507 0.7416900 1.6822217 1.7192186 0.7541706 1.3568111 1.3987024 
A/duck/Alberta/60/1976/H12N5                               2.0387893 1.3222234 1.7163894 1.3393956 1.3314779 1.8454670 1.1840651 0.5456419 0.6245480 1.7531391 1.1232507 0.0000000 1.1902384 1.9451403 1.8103889 1.1778567 1.4190240 1.5005650 
A/gull/Maryland/704/1977/H13N6                             2.2242001 1.1280986 1.8148871 1.1902995 1.2612145 1.9418835 1.2136063 1.2398394 1.1293498 1.8672037 0.7416900 1.1902384 0.0000000 1.8785394 1.9104292 0.2559743 1.3802118 1.3932606 
A/mallard/Astrakhan/263/1982/H14N5                         0.5864081 1.8239632 1.2789168 1.7368198 1.9249823 0.2980501 1.7884289 1.9279034 1.9535560 1.1667805 1.6822217 1.9451403 1.8785394 0.0000000 1.2535736 1.9074126 2.1333228 2.1557582 
A/duck/Australia/341/1983/H15N8                            1.3414859 1.7395690 0.2503208 1.7520127 1.8469996 1.3273778 1.7832783 1.8956474 1.9841995 0.6038016 1.7192186 1.8103889 1.9104292 1.2535736 0.0000000 2.0488308 2.2733146 1.9747831 
A/black-headedgull/Turkmenistan/13/1976/H16N3              2.2260542 1.1502618 1.9814104 1.1645645 1.2531969 1.9796885 1.3027413 1.2145599 1.1196901 1.9738331 0.7541706 1.1778567 0.2559743 1.9074126 2.0488308 0.0000000 1.3384621 1.3705042 
A/little-yellow-shoulderedbat/Guatemala/060/2010/H17       2.3292917 1.1180460 2.1186576 1.2222677 1.1153905 2.2637387 1.3056162 1.3515455 1.4985523 2.2650955 1.3568111 1.4190240 1.3802118 2.1333228 2.2733146 1.3384621 0.0000000 0.7169695 
A/flat-faced-bat/Peru/033/2010/H18                         2.4156431 1.0943127 1.9426857 1.2157086 1.1383056 2.3244279 1.2137250 1.3755488 1.4213532 2.1889379 1.3987024 1.5005650 1.3932606 2.1557582 1.9747831 1.3705042 0.7169695 0.0000000 
