18
A/Massachusetts/18/2022/H3N2                               0.0000000 1.8071705 1.2629241 1.6054461 1.7428029 0.5623446 1.6655618 1.7349899 1.8147260 1.2339549 1.7514920 1.8551680 1.9984337 0.5628833 1.2262880 2.0190083 2.1117029 2.1683734 
A/American_Wigeon/South_Carolina/USDA-000345-001/2021/H5N1 1.8071705 0.0000000 1.5021760 0.6060404 0.3882073 1.6994041 0.7396800 1.1251832 1.1299605 1.5202053 0.8613648 1.2481278 1.0475705 1.6343106 1.5901502 1.0611874 1.0578582 1.0322021 
A/Anhui/1/2013/H7N9                                        1.2629241 1.5021760 0.0000000 1.5472809 1.5711833 1.2392164 1.4796752 1.6667180 1.7074352 0.6161148 1.5976017 1.5906052 1.6506517 1.1657890 0.2456384 1.7995748 1.9746130 1.7185607 
A/United/Kingdom/1/1933/H1N1                               1.6054461 0.6060404 1.5472809 0.0000000 0.5402442 1.6902774 0.7072234 1.1265563 1.0591021 1.5254321 0.9229658 1.2495901 1.1199364 1.5998283 1.5998553 1.0960399 1.1433410 1.1264148 
A/Singapore/1/1957/H2N2                                    1.7428029 0.3882073 1.5711833 0.5402442 0.0000000 1.7391784 0.7162018 1.1445166 1.0979284 1.5743925 0.9107541 1.2389128 1.1788750 1.7677770 1.7040392 1.1735794 1.0480365 1.0579547 
A/swine/Ontario/01911-1/1099/H4N6                          0.5623446 1.6994041 1.2392164 1.6902774 1.7391784 0.0000000 1.6584497 1.6546681 1.6496085 1.2437930 1.5923875 1.7002036 1.7732908 0.2988118 1.2308409 1.8053984 2.0791866 2.0659035 
A/chicken/Taiwan/0705/1999/H6N1                            1.6655618 0.7396800 1.4796752 0.7072234 0.7162018 1.6584497 0.0000000 1.0223657 1.0169152 1.6055020 0.9084064 1.1135693 1.1260095 1.5825008 1.6628859 1.2179366 1.2123439 1.1213287 
A/turkey/Ontario/6118/1968/H8N4                            1.7349899 1.1251832 1.6667180 1.1265563 1.1445166 1.6546681 1.0223657 0.0000000 0.6718355 1.6614474 1.0587913 0.5377344 1.1634698 1.7250709 1.7463476 1.1503551 1.2756714 1.3001854 
A/swine/HongKong/9/1998/H9N2                               1.8147260 1.1299605 1.7074352 1.0591021 1.0979284 1.6496085 1.0169152 0.6718355 0.0000000 1.7164198 0.9626678 0.6137932 1.0617573 1.8259497 1.8594937 1.0727906 1.3998894 1.3197927 
A/mallard/bavaria/3/2006/H10N7                             1.2339549 1.5202053 0.6161148 1.5254321 1.5743925 1.2437930 1.6055020 1.6614474 1.7164198 0.0000000 1.4662749 1.6327106 1.7183771 1.1027202 0.5792824 1.8342539 2.1059728 2.0018778 
A/duck/England/1/1956/H11N6                                1.7514920 0.8613648 1.5976017 0.9229658 0.9107541 1.5923875 0.9084064 1.0587913 0.9626678 1.4662749 0.0000000 1.0780266 0.7169501 1.5392861 1.6312520 0.7221286 1.2819394 1.3104643 
A/duck/Alberta/60/1976/H12N5                               1.8551680 1.2481278 1.5906052 1.2495901 1.2389128 1.7002036 1.1135693 0.5377344 0.6137932 1.6327106 1.0780266 0.0000000 1.1326631 1.7886637 1.7049133 1.1231748 1.3306594 1.4028653 
A/gull/Maryland/704/1977/H13N6                             1.9984337 1.0475705 1.6506517 1.1199364 1.1788750 1.7732908 1.1260095 1.1634698 1.0617573 1.7183771 0.7169501 1.1326631 0.0000000 1.6767150 1.7712899 0.2537812 1.2757015 1.2882668 
A/mallard/Astrakhan/263/1982/H14N5                         0.5628833 1.6343106 1.1657890 1.5998283 1.7677770 0.2988118 1.5825008 1.7250709 1.8259497 1.1027202 1.5392861 1.7886637 1.6767150 0.0000000 1.1620037 1.7294090 1.9251680 1.9096371 
A/duck/Australia/341/1983/H15N8                            1.2262880 1.5901502 0.2456384 1.5998553 1.7040392 1.2308409 1.6628859 1.7463476 1.8594937 0.5792824 1.6312520 1.7049133 1.7712899 1.1620037 0.0000000 1.9280690 2.1138917 1.7705499 
A/black-headedgull/Turkmenistan/13/1976/H16N3              2.0190083 1.0611874 1.7995748 1.0960399 1.1735794 1.8053984 1.2179366 1.1503551 1.0727906 1.8342539 0.7221286 1.1231748 0.2537812 1.7294090 1.9280690 0.0000000 1.2293205 1.2797766 
A/little-yellow-shoulderedbat/Guatemala/060/2010/H17       2.1117029 1.0578582 1.9746130 1.1433410 1.0480365 2.0791866 1.2123439 1.2756714 1.3998894 2.1059728 1.2819394 1.3306594 1.2757015 1.9251680 2.1138917 1.2293205 0.0000000 0.6979413 
A/flat-faced-bat/Peru/033/2010/H18                         2.1683734 1.0322021 1.7185607 1.1264148 1.0579547 2.0659035 1.1213287 1.3001854 1.3197927 2.0018778 1.3104643 1.4028653 1.2882668 1.9096371 1.7705499 1.2797766 0.6979413 0.0000000 
